0
127
0.082085
11648
11775
0.038975
18432
18559
-0.043520
5760
5887
-0.000720
21376
21503
1.000000
20352
20479
0.014463
12160
12287
0.019807
13824
13951
0.020800
14336
14463
0.035206
2048
2175
0.968273
1152
1279
1.000000
11520
11647
-0.002159
24320
24447
0.045774
4352
4479
1.000000
5376
5503
-0.041970
17024
17151
0.012037
14848
14975
-0.025986
2176
2303
0.023816
7680
7807
0.047344
19072
19199
0.034330
21504
21631
-0.065759
20736
20863
-0.011231
25088
25215
0.063687
21120
21247
0.047186
2816
2943
1.000000
7936
8063
0.018292
25600
25727
-0.016763
16256
16383
0.001756
10368
10495
0.021134
8448
8575
-0.040235
19712
19839
1.000000
20224
20351
0.058522
2560
2687
1.000000
12928
13055
-0.004855
6656
6783
0.678018
3072
3199
0.035818
9216
9343
0.039285
21888
22015
0.027433
15744
15871
-0.019608
14208
14335
0.037200
30208
30335
0.006308
19968
20095
0.030576
4096
4223
0.006642
29568
29695
0.041744
10752
10879
0.001580
14080
14207
0.971841
28544
28671
0.053508
16128
16255
1.000000
22144
22271
-0.021752
28160
28287
0.014549
19328
19455
-0.019430
4736
4863
0.038547
17792
17919
-0.034288
28416
28543
0.001316
25472
25599
0.026776
18304
18431
0.052222
23040
23167
0.016539
1408
1535
0.016947
28800
28927
0.006793
4864
4991
1.000000
4992
5119
0.014340
23936
24063
0.015615
17920
18047
-0.067443
23680
23807
-0.033437
21760
21887
0.034826
16384
16511
0.010848
30464
30591
0.014923
24064
24191
-0.043810
28672
28799
0.028501
27136
27263
0.005700
9088
9215
0.027508
1024
1151
1.000000
23808
23935
0.018892
17664
17791
1.000000
14720
14847
0.036960
27904
28031
0.008083
24704
24831
-0.017051
2688
2815
1.000000
22400
22527
0.035433
11264
11391
0.024506
1792
1919
-0.006839
27520
27647
1.000000
640
767
0.005786
12288
12415
-0.000170
15616
15743
-0.034118
28032
28159
-0.015564
4480
4607
0.031914
10240
10367
0.000749
29824
29951
-0.010670
11904
12031
0.029230
8704
8831
0.013633
20992
21119
0.023182
13952
14079
1.000000
12544
12671
0.009458
3200
3327
0.023756
29696
29823
-0.000754
13184
13311
0.011313
24960
25087
0.028661
8064
8191
0.024787
20608
20735
0.010766
27648
27775
-0.008976
26880
27007
0.006627
9344
9471
1.000000
15232
15359
0.031702
25728
25855
0.969951
14976
15103
0.042939
23424
23551
0.008140
21632
21759
0.048570
24576
24703
0.015118
24448
24575
0.008694
20096
20223
-0.020202
22528
22655
-0.001751
1664
1791
0.047622
11776
11903
-0.031189
4224
4351
1.000000
17536
17663
1.000000
13312
13439
-0.012674
22272
22399
-0.047118
21248
21375
0.047697
384
511
0.037468
11008
11135
0.018831
26752
26879
0.043768
19456
19583
-0.109666
5120
5247
0.007078
9472
9599
1.000000
28928
29055
0.070618
18816
18943
0.091021
14464
14591
0.037881
8832
8959
-0.009421
16512
16639
-0.018679
26624
26751
-0.048716
10496
10623
-0.009302
3328
3455
-0.032785
26496
26623
0.017083
15488
15615
0.037513
29056
29183
0.006903
29440
29567
0.005657
29952
30079
-0.037614
9600
9727
-0.042100
19840
19967
-0.071516
2432
2559
-0.028044
25216
25343
0.042288
256
383
0.014117
6912
7039
1.000000
7296
7423
-0.061150
9984
10111
-0.032399
12416
12543
1.000000
1280
1407
1.000000
17280
17407
0.045732
3840
3967
0.024513
19584
19711
1.000000
26112
26239
0.072143
8320
8447
0.035504
19200
19327
-0.019640
8960
9087
0.000839
7168
7295
0.007822
18048
18175
0.010944
25856
25983
1.000000
7424
7551
-0.027996
512
639
0.001482
768
895
-0.003092
23296
23423
1.000000
18944
19071
-0.002941
24832
24959
0.014084
16896
17023
0.007453
18688
18815
0.024999
29184
29311
-0.015191
27264
27391
1.000000
3712
3839
-0.002146
30336
30463
-0.000122
22784
22911
-0.010153
24192
24319
-0.001412
6400
6527
-0.009840
15360
15487
-0.005915
11392
11519
-0.039223
12672
12799
0.020843
6016
6143
-0.015376
1920
2047
-0.026060
22912
23039
0.011373
13440
13567
-0.015116
5888
6015
0.018772
26240
26367
0.000377
896
1023
0.052481
13568
13695
-0.057142
6784
6911
1.000000
30080
30207
-0.000600
12800
12927
-0.038228
10880
11007
1.000000
7040
7167
-0.015504
27392
27519
1.000000
25984
26111
0.023871
16640
16767
0.021208
9728
9855
-0.029557
7552
7679
0.040138
22016
22143
0.048772
14592
14719
0.008476
1536
1663
0.027875
16000
16127
1.000000
5248
5375
0.021176
18176
18303
0.008526
6144
6271
0.025998
2304
2431
-0.030247
3968
4095
-0.035445
13056
13183
0.013067
12032
12159
-0.042658
29312
29439
0.019922
23552
23679
-0.011416
6528
6655
0.045892
17408
17535
-0.003395
3456
3583
-0.032676
6272
6399
0.021142
16768
16895
-0.011710
8192
8319
0.010111
22656
22783
-0.054117
13696
13823
-0.009931
10624
10751
-0.039242
27008
27135
0.033449
26368
26495
-0.013989
25344
25471
-0.026800
28288
28415
0.022251
15872
15999
-0.002735
20864
20991
0.036772
128
255
0.007285
18560
18687
0.008568
27776
27903
0.072806
17152
17279
-0.030915
23168
23295
0.975473
10112
10239
0.043688
20480
20607
0.035069
11136
11263
-0.020549
5504
5631
-0.000772
4608
4735
0.064453
5632
5759
0.035471
7808
7935
0.039638
8576
8703
0.065586
9856
9983
0.011436
3584
3711
0.016426
15104
15231
-0.030714
2944
3071
-0.040428
