0
127
1.05420061207
-0.00022
2
11648
11775
1.11370850497
-0.61963
4
18432
18559
1.26495012573
-4.8386
3
5760
5887
1.03365868401
-0.28169
2
21376
21503
1.09351916196
-0.90132
5
20352
20479
3.41306425658
-90.0066
4
12160
12287
3.46071819619
-87.02425
4
13824
13951
0.845089880969
-0.28147
1
14336
14463
0.90651503741
-0.16941
2
2048
2175
1.29676952365
-0.33816
2
1152
1279
2.34125285876
-47.92522
4
11520
11647
1.07858706418
-1.57588
2
24320
24447
1.24323355088
-2.42051
1
4352
4479
1.24677107879
-0.39397
1
5376
5503
1.26393767228
-0.67588
4
17024
17151
1.2437378747
-0.84463
4
14848
14975
0.950203413988
0
0
2176
2303
1.3040357344
0
0
7680
7807
1.13510700458
0
0
19072
19199
1.04449125693
-0.11272
2
21504
21631
1.39675304643
-4.33257
5
20736
20863
1.41141213246
-1.01338
2
25088
25215
1.46856313589
-3.03816
4
21120
21247
1.14691730757
-1.4636
4
2816
2943
2.82057534622
-55.07007
10
7936
8063
1.09363495616
-1.96919
1
25600
25727
1.41656816908
-6.13213
4
16256
16383
0.943281288031
-1.06919
1
10368
10495
0.908566628185
0
0
8448
8575
1.18425134121
0
0
19712
19839
1.17801194817
0
0
20224
20351
3.42466115988
-119.475
6
2560
2687
1.03113049874
0
0
12928
13055
1.27934127498
0
0
6656
6783
1.07679126249
0
0
3072
3199
1.64102634193
-6.47029
2
9216
9343
1.21176682646
-2.87029
4
21888
22015
3.76324898259
-159.08489
14
15744
15871
2.06598709851
-20.42161
1
14208
14335
1.49689699623
-0.45022
1
30208
30335
1.21135288455
-1.18191
2
19968
20095
0.944194559404
-0.00022
2
4096
4223
1.1125323158
-0.61941
4
29568
29695
1.13144091773
-1.18235
5
10752
10879
1.27933999183
-0.05647
2
14080
14207
1.0637977022
-0.78816
2
28544
28671
2.69840370977
-45.79212
5
16128
16255
1.04141313954
-0.28169
2
22144
22271
1.23394584819
0
0
28160
28287
1.28241798673
-0.00022
1
19328
19455
1.00365200867
-2.53279
2
4736
4863
1.58584028231
-1.18235
6
17792
17919
1.08136445028
-0.73213
4
28416
28543
1.86406075579
-56.81778
18
25472
25599
1.04008580779
0
0
18304
18431
1.03545421377
0
0
23040
23167
1.36260084471
0
0
1408
1535
3.02843568263
-48.825
6
28800
28927
1.19172079876
-2.02632
6
4864
4991
4.11126603034
-197.67108
10
4992
5119
2.64476035035
-34.48125
4
23936
24063
1.16928457382
-3.15154
5
17920
18047
0.844441768584
0.0
1
23680
23807
1.12376564611
-0.00044
3
21760
21887
1.49344934907
-7.82073
6
16384
16511
1.09446562007
-0.95669
3
30464
30591
1.78058136063
-11.70286
6
24064
24191
1.06320955276
-0.50669
2
28672
28799
1.11451073073
-4.22007
3
27136
27263
0.911154414337
-0.22544
2
9088
9215
1.18995710812
-0.05691
4
1024
1151
0.934053415578
0
0
23808
23935
1.1859602614
-0.67544
2
17664
17791
1.08301804936
-0.28147
2
14720
14847
1.37037839099
-5.6261
4
27904
28031
1.12555344362
-0.39419
2
24704
24831
0.714673795064
0
0
2688
2815
0.950494207898
-0.05669
2
22400
22527
0.889549697462
-0.39419
2
11264
11391
1.32290905489
-0.33816
4
1792
1919
1.2711515043
0
0
27520
27647
1.11775972432
-0.16897
2
640
767
0.985640591568
-0.16897
2
12288
12415
0.949725709438
0
0
15616
15743
3.65173275017
-119.25418
11
28032
28159
4.45712429254
-223.37865
7
4480
4607
0.837495841475
-0.61919
1
10240
10367
0.968015377218
0
0
29824
29951
1.03563407119
-2.92544
2
11904
12031
1.11415788885
-1.40691
2
8704
8831
1.25479500763
-1.91338
2
20992
21119
0.978558815837
0
0
13952
14079
1.03631870545
-1.80088
4
12544
12671
1.12254274083
-0.00022
2
3200
3327
0.880697209652
-0.16919
4
29696
29823
1.15162481236
-0.11272
2
13184
13311
1.28700186952
-0.28169
2
24960
25087
1.25267414451
-2.25132
6
8064
8191
1.02863487118
-0.95691
4
20608
20735
0.88293660066
0
0
27648
27775
1.20334684768
0.0
1
26880
27007
0.870208799199
0
0
9344
9471
0.982742776419
0
0
15232
15359
0.871842785908
-0.11272
2
25728
25855
0.87839076911
0
0
14976
15103
1.20959774921
-1.35132
2
23424
23551
1.25613942861
-0.67544
2
21632
21759
2.04904595023
-3.7147
8
24576
24703
4.08963383931
-127.4625
6
24448
24575
4.3963055177
-180.56976
18
20096
20223
0.81736615843
0
0
22528
22655
1.2031608224
0.0
1
1664
1791
1.45477785144
-3.65713
2
11776
11903
1.31358481479
-1.06963
4
4224
4351
1.30073859466
-1.68816
2
17536
17663
0.98083399004
-0.16919
2
13312
13439
1.14915890453
-0.84463
6
22272
22399
1.05812554794
0
0
21248
21375
1.51978609094
-6.0772
5
384
511
1.04129889846
-0.05669
2
11008
11135
1.3500639929
-4.61448
4
26752
26879
0.980860119142
0
0
19456
19583
1.62606828312
-4.10867
10
5120
5247
1.63799556631
-0.73301
7
9472
9599
1.2716770612
-1.74463
4
28928
29055
1.47206134033
-1.40757
5
18816
18943
2.87436661158
-70.99278
8
14464
14591
1.19316959643
-0.61919
2
8832
8959
0.795659045798
0
0
16512
16639
1.24174812151
0.0
2
26624
26751
1.75165734484
-0.05647
2
10496
10623
3.38447887748
-136.5805
11
3328
3455
1.28613759748
0
0
26496
26623
3.77386419583
-133.036968
17
15488
15615
1.28614584598
-0.90066
3
29056
29183
0.923234089203
0
0
29440
29567
1.54075702216
-0.61919
3
29952
30079
1.03386319152
0
0
9600
9727
1.090339006
-0.61919
2
19840
19967
1.63992165199
-2.4772
4
2432
2559
1.12582970438
-1.29441
5
25216
25343
0.932910850909
-1.06985
4
256
383
1.09207754337
-0.61963
4
6912
7039
0.87110670683
0
0
7296
7423
0.985497604171
-0.61941
2
9984
10111
1.23981981214
-1.12588
3
12416
12543
1.32454028801
-1.23816
2
1280
1407
3.47199513719
-157.174586
12
17280
17407
2.969998925
-61.37315
4
3840
3967
0.939262337022
-0.00022
2
19584
19711
1.04747997429
-0.11272
2
26112
26239
0.986735535485
-1.63257
2
8320
8447
1.01691097109
0
0
19200
19327
0.926707517474
0
0
8960
9087
1.04994050448
0
0
7168
7295
1.05626564379
-0.11294
2
18048
18175
1.33942340241
-1.35132
4
25856
25983
0.846452237366
-0.00022
2
7424
7551
0.926293211699
-0.05647
2
512
639
1.02594674667
-0.16897
1
768
895
1.17334379528
-0.05647
2
23296
23423
1.16491638515
-1.91316
2
18944
19071
1.07493869709
0
0
24832
24959
1.1636577529
-4.27654
4
16896
17023
1.08543364326
0
0
18688
18815
4.24028257989
-192.15374
10
29184
29311
1.39911168962
-8.55176
4
27264
27391
0.897078149094
0
0
3712
3839
1.191129465
-0.73191
4
30336
30463
1.07116135798
0
0
22784
22911
1.47246670992
-1.3511
2
24192
24319
1.25512874377
-3.20779
5
6400
6527
3.84214208454
-174.66307
8
15360
15487
0.998850608901
-0.00022
2
11392
11519
0.988401748831
-0.39441
4
12672
12799
1.04568454359
-1.29441
4
6016
6143
1.04286390584
-0.00022
2
1920
2047
1.29568730276
-7.70867
1
22912
23039
0.962051238614
0
0
13440
13567
0.888223376241
0
0
5888
6015
1.09030372249
-1.01316
2
26240
26367
0.949605605223
0
0
896
1023
1.02950774444
0.0
1
13568
13695
1.22134588781
-0.95691
2
6784
6911
0.695496511416
0
0
30080
30207
1.37280311021
-3.43367
8
12800
12927
1.2922210656
-2.08235
3
10880
11007
1.44095648419
-4.50088
4
7040
7167
0.97983182816
-0.39419
4
27392
27519
1.01526292589
-0.61941
4
25984
26111
0.988780730129
0.0
1
16640
16767
1.00016420316
-0.67566
4
9728
9855
1.06621952653
-0.22544
2
7552
7679
1.04856081088
-0.05647
2
22016
22143
1.3857856988
0
0
14592
14719
1.01015969687
0
0
1536
1663
1.18791261748
-0.11272
2
16000
16127
1.48966992319
0.0
1
5248
5375
1.20686672924
-0.56338
4
18176
18303
1.16459538314
-0.05669
1
6144
6271
0.859821296906
0
0
2304
2431
1.2138916443
-0.61941
2
3968
4095
1.07719861614
0
0
13056
13183
0.954587105052
-0.56294
2
12032
12159
3.12658970778
-82.915137
11
29312
29439
1.24955027647
0
0
23552
23679
1.18786694885
-4.38904
4
6528
6655
1.4016642938
-3.43235
2
17408
17535
1.3721597068
-2.53191
2
3456
3583
1.03926973872
-0.05669
2
6272
6399
1.05649676163
0.0
1
16768
16895
0.89016923381
0
0
8192
8319
1.05825356773
0
0
22656
22783
1.41697359422
-3.77161
6
13696
13823
1.20692966857
-0.61963
3
10624
10751
2.44092677192
-34.14595
3
27008
27135
0.978758385531
-0.05647
2
26368
26495
0.752455763563
0
0
25344
25471
1.0192420854
-0.22522
1
28288
28415
1.62435203906
-19.68816
4
15872
15999
1.00457923889
0
0
20864
20991
1.47467185987
-10.12874
7
128
255
1.0243165617
0
0
18560
18687
1.12890229976
-0.39441
4
27776
27903
1.15068691119
-0.00022
2
17152
17279
2.94207810525
-72.00132
10
23168
23295
1.04539235532
-2.30845
6
10112
10239
1.0339963854
-1.23904
6
20480
20607
0.881631368289
0
0
11136
11263
0.995251315541
0
0
5504
5631
1.09651356501
0
0
4608
4735
2.25898423878
-29.59168
8
5632
5759
1.32075139707
-1.74463
4
7808
7935
1.07806224208
0
0
8576
8703
0.980703575973
-0.11272
2
9856
9983
1.16098808544
-1.96941
2
3584
3711
1.5203714139
-2.58904
1
15104
15231
1.06662510869
0
0
2944
3071
3.10535401703
-88.26153
2
