0
127
-0.006138
11648
11775
-0.006130
18432
18559
0.000410
5760
5887
-0.006128
21376
21503
-0.006130
20352
20479
-0.001702
12160
12287
-0.098744
13824
13951
0.870928
14336
14463
-0.005959
2048
2175
-0.002495
1152
1279
-0.001961
11520
11647
0.887066
24320
24447
1.000000
4352
4479
-0.001292
5376
5503
-0.001623
17024
17151
0.734795
14848
14975
-0.006138
2176
2303
-0.105541
7680
7807
-0.001654
19072
19199
-0.001725
21504
21631
-0.006130
20736
20863
0.060684
25088
25215
-0.006138
21120
21247
-0.047748
2816
2943
-0.001599
7936
8063
-0.019461
25600
25727
0.078295
16256
16383
0.081919
10368
10495
-0.047262
8448
8575
0.002517
19712
19839
-0.000320
20224
20351
-0.001049
2560
2687
-0.006113
12928
13055
-0.026658
6656
6783
1.000000
3072
3199
0.996046
9216
9343
-0.001627
21888
22015
0.013152
15744
15871
-0.002025
14208
14335
-0.006138
30208
30335
-0.047736
19968
20095
-0.001529
4096
4223
-0.000349
29568
29695
-0.006108
10752
10879
-0.005916
14080
14207
0.996046
28544
28671
0.015796
16128
16255
-0.000887
22144
22271
0.996046
28160
28287
0.002422
19328
19455
-0.036243
4736
4863
-0.047779
17792
17919
-0.006129
28416
28543
0.033531
25472
25599
-0.027824
18304
18431
-0.005801
23040
23167
0.052885
1408
1535
0.860880
28800
28927
-0.006121
4864
4991
-0.001212
4992
5119
0.240430
23936
24063
0.070807
17920
18047
0.716669
23680
23807
0.996046
21760
21887
-0.034890
16384
16511
0.999999
30464
30591
-0.005850
24064
24191
-0.037099
28672
28799
-0.083500
27136
27263
-0.046920
9088
9215
-0.075166
1024
1151
0.156787
23808
23935
0.996044
17664
17791
-0.001380
14720
14847
-0.047780
27904
28031
-0.046918
24704
24831
-0.000529
2688
2815
0.763504
22400
22527
0.073711
11264
11391
0.999998
1792
1919
0.002148
27520
27647
-0.047375
640
767
-0.006138
12288
12415
-0.046703
15616
15743
-0.047830
28032
28159
-0.039559
4480
4607
-0.005962
10240
10367
0.905548
29824
29951
-0.038076
11904
12031
-0.038864
8704
8831
-0.000777
20992
21119
0.055642
13952
14079
0.996046
12544
12671
-0.006126
3200
3327
0.996046
29696
29823
-0.129536
13184
13311
-0.005902
24960
25087
-0.027071
8064
8191
-0.006128
20608
20735
-0.006138
27648
27775
-0.039879
26880
27007
0.996046
9344
9471
-0.006137
15232
15359
-0.015904
25728
25855
-0.006124
14976
15103
0.060975
23424
23551
-0.041305
21632
21759
-0.002143
24576
24703
-0.113972
24448
24575
-0.001377
20096
20223
-0.081423
22528
22655
0.037129
1664
1791
0.996046
11776
11903
-0.109876
4224
4351
-0.006125
17536
17663
-0.006138
13312
13439
0.763309
22272
22399
0.869762
21248
21375
-0.005784
384
511
0.000959
11008
11135
0.047865
26752
26879
0.972781
19456
19583
-0.006138
5120
5247
0.964779
9472
9599
-0.006124
28928
29055
-0.005776
18816
18943
-0.071602
14464
14591
-0.006138
8832
8959
-0.000330
16512
16639
0.996046
26624
26751
0.024506
10496
10623
0.282966
3328
3455
-0.071817
26496
26623
-0.006129
15488
15615
-0.005843
29056
29183
-0.006116
29440
29567
0.020320
29952
30079
-0.034510
9600
9727
-0.006118
19840
19967
-0.047827
2432
2559
-0.082437
25216
25343
0.996046
256
383
-0.082488
6912
7039
0.996046
7296
7423
-0.000618
9984
10111
-0.036911
12416
12543
0.031338
1280
1407
0.021202
17280
17407
0.012892
3840
3967
-0.001560
19584
19711
-0.005946
26112
26239
-0.002110
8320
8447
-0.000727
19200
19327
-0.006129
8960
9087
-0.110657
7168
7295
0.763151
18048
18175
0.996046
25856
25983
-0.001369
7424
7551
-0.006137
512
639
-0.005834
768
895
-0.006138
23296
23423
0.086041
18944
19071
-0.005930
24832
24959
0.061248
16896
17023
-0.001307
18688
18815
-0.006138
29184
29311
-0.108103
27264
27391
-0.006138
3712
3839
-0.126729
30336
30463
-0.002595
22784
22911
-0.006138
24192
24319
0.747952
6400
6527
0.873264
15360
15487
0.190374
11392
11519
0.996046
12672
12799
-0.006138
6016
6143
-0.032178
1920
2047
-0.006128
22912
23039
0.002688
13440
13567
0.065564
5888
6015
-0.047682
26240
26367
-0.006120
896
1023
-0.006138
13568
13695
0.828860
6784
6911
0.996046
30080
30207
-0.071245
12800
12927
-0.039497
10880
11007
0.043895
7040
7167
0.022259
27392
27519
-0.049247
25984
26111
-0.006138
16640
16767
0.847906
9728
9855
0.548574
7552
7679
-0.120766
22016
22143
-0.005918
14592
14719
-0.006130
1536
1663
0.996046
16000
16127
-0.006138
5248
5375
0.996046
18176
18303
0.999999
6144
6271
-0.032938
2304
2431
-0.006128
3968
4095
-0.033890
13056
13183
0.756222
12032
12159
-0.006128
29312
29439
-0.020336
23552
23679
0.744080
6528
6655
-0.006128
17408
17535
-0.006138
3456
3583
-0.001815
6272
6399
-0.110931
16768
16895
-0.047792
8192
8319
-0.006110
22656
22783
-0.053052
13696
13823
-0.001025
10624
10751
-0.006129
27008
27135
0.850628
26368
26495
-0.000738
25344
25471
0.147967
28288
28415
0.996046
15872
15999
-0.002633
20864
20991
-0.000924
128
255
0.999999
18560
18687
0.079908
27776
27903
-0.006138
17152
17279
-0.005856
23168
23295
-0.006138
10112
10239
0.053524
20480
20607
-0.047791
11136
11263
0.036918
5504
5631
-0.000918
4608
4735
-0.001494
5632
5759
-0.001691
7808
7935
-0.005958
8576
8703
0.851608
9856
9983
0.996046
3584
3711
-0.006127
15104
15231
-0.047771
2944
3071
0.698313
