42 3 1
1.89665885631 -32.52042 14 
0.0
1.55137006249 -6.97918 14 
0.0
2.41522471956 -76.45233 22 
0.0
1.1657024184 -1.91316 1 
0.0
1.39208909917 -14.01131 11 
0.0
1.38844911063 -5.12227 8 
0.0
1.33310026137 -4.95396 14 
0.0
1.22942184068 -4.27698 6 
0.0
1.81252573282 -24.47271 13 
0.0
1.36857828185 -7.20308 10 
0.0
1.20117890799 -2.25176 7 
0.0
1.3318187141 -7.82205 11 
0.0
1.24292949132 -6.13323 5 
0.0
3.09034894314 -240.99128 13 
0.0
1.41067419434 -6.19014 10 
0.0
1.4583419271 -6.0794 14 
0.0
1.2306583392 -2.98323 7 
0.0
1.33380210577 -0.33816 4 
0.0
1.44378403739 -7.14705 11 
0.0
1.3175875434 -12.0408 10 
0.0
1.57742420753 -6.8647 8 
0.0
4.24681353545 -457.478176 124 
1.0
4.01786935477 -451.814716 122 
1.0
4.24795894899 -485.374003 115 
1.0
4.13692723103 -469.08325 108 
1.0
4.00230656533 -441.237533 116 
1.0
3.99891900898 -445.623699 117 
1.0
4.1991843724 -440.218651 105 
1.0
3.96249218669 -387.636105 110 
1.0
4.31522613537 -483.539508 127 
1.0
4.03810720825 -443.203639 128 
1.0
3.98170417695 -459.80947 126 
1.0
4.36350273851 -488.313943 135 
1.0
4.03771612529 -412.004 120 
1.0
4.1383004134 -403.065966 111 
1.0
3.95955806914 -425.587948 95 
1.0
4.22827432768 -392.574463 111 
1.0
3.892908557 -392.640811 123 
1.0
4.15438782613 -402.790429 103 
1.0
4.11287551389 -429.195412 109 
1.0
4.12841192558 -399.912228 127 
1.0
4.27462625256 -460.982152 125 
1.0
